%{
B1 = 1.271;
B2 = 1.713;
KT1 = 200000;
KT2 = 200000;
M1 = 87.15;
M2 = 140.04;
M3 = 1794;
C1 = 1190;
C2 = 1000;
L1 = B1;
L2 = B2;
L3 = 3443.05;
K1 = 66824.2;
K2 = 18615.0; 
%}

B1 = 1.35;
B2 = 1.40;
KT1 = 200000;
KT2 = 180000;
M1 = 28;
M2 = 28;
M3 = 835;
C1 = 1500;
C2 = 1200;
I3 = 418;
K1 = 25000;
K2 = 20000;